bare_cj(-10): [0.43198588896064266, 0.6933305267455063, 0.4449122839561841]
bare_cj(-15): [0.9535122594163177, 0.9740520054339442, 0.97534873137222]
bare_cj(-20): [0.9586440805307356, 0.9774245180716036, 0.9877235457270309]
bare_cj(-25): [0.9635654544752406, 0.9777196810724075, 0.9899027700564346]
bare_cj(-30): [0.9564167722279638, 0.9761745638164606, 0.9890989268633108]
bare_cj(-5): [0.9611993064865406, 0.9775262091125109, 0.9891898696992425]
bare_cj(0): [0.9719603966045197, 0.9823984491290262, 0.9914784938871696]
bare_cj(10): [0.959549875752923, 0.9735967242380786, 0.9907950836701868]
bare_cj(15): [0.9718307101632951, 0.9847803311513187, 0.9859549031068148]
bare_cj(20): [0.9572106011249931, 0.974600066854496, 0.9924617503368536]
bare_cj(25): [0.5715906227299236, 0.8752433067298178, 0.4560340356172401]
bare_cj(30): [0.45928963649912075, 0.7939572662838222, 0.3244392154937772]
bare_cj(35): [0.9619497689963349, 0.9798356029934978, 0.988236103389768]
bare_cj(40): [0.9369283748286374, 0.9736534414620209, 0.9541147126499764]
bare_cj(45): [0.8650471270063713, 0.9392907201072994, 0.9263652365280478]
bare_cj(5): [0.5415513580384229, 0.8165859121499506, 0.46753555369355443]
plant_cj(-10): [0.7138296521435207, 0.8264318430431388, 0.7965201500248766]
plant_cj(-15): [0.8580493762135889, 0.9222782397895637, 0.8966414073762231]
plant_cj(-20): [0.8528657494590149, 0.9221131211957198, 0.8847651396277444]
plant_cj(-25): [0.8594697379583934, 0.9243211551669264, 0.9051608047252732]
plant_cj(-30): [0.8736697524043953, 0.945535620971898, 0.8650408230956663]
plant_cj(-5): [0.8406615786161243, 0.9157366771159875, 0.8852419406279103]
plant_cj(0): [0.864378357297428, 0.9232961801927319, 0.9077536453748709]
plant_cj(10): [0.8695332551239905, 0.9269813490173259, 0.916195287483894]
plant_cj(15): [0.875996605813789, 0.9301929005747192, 0.889805580006889]
plant_cj(20): [0.8619310283304591, 0.9318778700492371, 0.8992478982484341]
plant_cj(25): [0.8582570868939424, 0.9212802090713135, 0.9001504075930958]
plant_cj(30): [0.8832960534924994, 0.9361289790308276, 0.8848686006608238]
plant_cj(35): [0.8172645710764631, 0.8981776679165391, 0.8809348488907599]
plant_cj(40): [0.8595741342762477, 0.9252237880422655, 0.8607306696263411]
plant_cj(45): [0.8711187632925107, 0.9436601436601437, 0.8576287522165665]
plant_cj(5): [0.7967977249541823, 0.8814179258983476, 0.8363999770370087]
turf_cj(-10): [0.704711746027196, 0.8544225951457726, 0.6905715426351412]
turf_cj(-15): [0.8720614809100207, 0.9151120948404124, 0.9286534989175953]
turf_cj(-20): [0.7926752740890429, 0.8552129959282834, 0.9007242038657247]
turf_cj(-25): [0.8601716921840131, 0.9019339924617208, 0.9489498655371748]
turf_cj(-30): [0.7049931157584438, 0.7686277483569942, 0.9167061265107597]
turf_cj(-5): [0.7882225945274365, 0.8567058298471132, 0.9134156036793305]
turf_cj(0): [0.905759422694782, 0.9221897568824305, 0.9393266174898471]
turf_cj(10): [0.7865998114300043, 0.8390853988169424, 0.9388623879445439]
turf_cj(15): [0.8983689704044163, 0.940828395993709, 0.9279803489886183]
turf_cj(20): [0.7914720169170799, 0.8475713303299509, 0.9360195116882645]
turf_cj(25): [0.8655438883672688, 0.9211100295383895, 0.9000063175905204]
turf_cj(30): [0.8330103501428758, 0.9374392158462318, 0.8561443096488771]
turf_cj(35): [0.8125613049393633, 0.8784160174247969, 0.8994809480712558]
turf_cj(40): [0.8560340476482918, 0.9233402700737875, 0.8858870622355869]
turf_cj(45): [0.8036198966747873, 0.8853803963746266, 0.8661124963339139]
turf_cj(5): [0.7594361575318924, 0.8797923333227725, 0.8005448016652181]
